5550055 5551155 5551155 5551055 5000015 1000115 
5550055 5551155 5551155 5551055 5000015 1000115 
5550055 5551155 5551155 5551055 5000015 1000115 
5550055 5551155 5551155 5551055 5000015 1000115 
5550055 5551155 5551155 5551055 5000015 1000115 
5550055 5551155 5551155 5551055 5000015 1000115 
5550055 5551155 5551155 5551055 5000015 1000115 
5550055 5551155 5551155 5551055 5000015 1000115 
5550055 5551155 5551155 5551055 5000015 1000115 
5550055 5551155 5551155 5551055 5000015 1000115 
5550055 5551155 5551155 5551055 5000015 1000115 
5550055 5551155 5551155 5551055 5000015 1000115 
5550055 5551155 5551155 5551055 5000015 1000115 
5550055 5551155 5551155 5551055 5000015 1000115 
5550055 5551155 5551155 5551055 5000015 1000115 
5550055 5551155 5551155 5551055 5000015 1000115 
5550055 5551155 5551155 5551055 5000015 1000115 
5550055 5551155 5551155 5551055 5000015 1000115 
5550055 5551155 5551155 5551055 5000015 1000115 
