5051550 5110551 5011051 0101151 0011010 1000100 
5051550 5110551 5011051 0101151 0011010 1000100 
5051550 5110551 5011051 0101151 0011010 1000100 
5051550 5110551 5011051 0101151 0011010 1000100 
5051550 5110551 5011051 0101151 0011010 1000100 
5051550 5110551 5011051 0101151 0011010 1000100 
5051550 5110551 5011051 0101151 0011010 1000100 
5051550 5110551 5011051 0101151 0011010 1000100 
5051550 5110551 5011051 0101151 0011010 1000100 
5051550 5110551 5011051 0101151 0011010 1000100 
5051550 5110551 5011051 0101151 0011010 1000100 
5051550 5110551 5011051 0101151 0011010 1000100 
5051550 5110551 5011051 0101151 0011010 1000100 
5051550 5110551 5011051 0101151 0011010 1000100 
5051550 5110551 5011051 0101151 0011010 1000100 
5051550 5110551 5011051 0101151 0011010 1000100 
5051550 5110551 5011051 0101151 0011010 1000100 
5051550 5110551 5011051 0101151 0011010 1000100 
5051550 5110551 5011051 0101151 0011010 1000100 
5051550 5110551 5011051 0101151 0011010 1000100 
5051550 5110551 5011051 0101151 0011010 1000100 
5051550 5110551 5011051 0101151 0011010 1000100 
5051550 5110551 5011051 0101151 0011010 1000100 
5051550 5110551 5011051 0101151 0011010 1000100 
5051550 5110551 5011051 0101151 0011010 1000100 
5051550 5110551 5011051 0101151 0011010 1000100 
5051550 5110551 5011051 0101151 0011010 1000100 
5051550 5110551 5011051 0101151 0011010 1000100 
5051550 5110551 5011051 0101151 0011010 1000100 
5051550 5110551 5011051 0101151 0011010 1000100 
5051550 5110551 5011051 0101151 0011010 1000100 
5051550 5110551 5011051 0101151 0011010 1000100 
